../../../img/positive/2022-03-28_22-21-55.mp4/100.jpg 1 475 302 79 87 
../../../img/positive/2022-03-28_22-21-55.mp4/104.jpg 1 574 334 73 93 
../../../img/positive/2022-03-28_22-21-55.mp4/136.jpg 1 447 325 161 140 
../../../img/positive/2022-03-28_22-21-55.mp4/16.jpg 1 548 196 42 41 
../../../img/positive/2022-03-28_22-21-55.mp4/192.jpg 1 205 179 113 107 
../../../img/positive/2022-03-28_22-21-55.mp4/196.jpg 1 181 250 108 99 
../../../img/positive/2022-03-28_22-21-55.mp4/200.jpg 1 511 320 46 54 
../../../img/positive/2022-03-28_22-21-55.mp4/216.jpg 1 580 244 71 91 
../../../img/positive/2022-03-28_22-21-55.mp4/220.jpg 1 463 266 209 224 
../../../img/positive/2022-03-28_22-21-55.mp4/224.jpg 1 563 240 225 210 
../../../img/positive/2022-03-28_22-21-55.mp4/248.jpg 1 383 303 75 61 
../../../img/positive/2022-03-28_22-21-55.mp4/264.jpg 1 666 331 79 80 
../../../img/positive/2022-03-28_22-21-55.mp4/268.jpg 1 668 356 31 26 
../../../img/positive/2022-03-28_22-21-55.mp4/272.jpg 1 754 366 37 25 
../../../img/positive/2022-03-28_22-21-55.mp4/276.jpg 1 613 296 112 108 
../../../img/positive/2022-03-28_22-21-55.mp4/280.jpg 1 535 485 112 108 
../../../img/positive/2022-03-28_22-21-55.mp4/284.jpg 2 728 279 36 38 602 327 28 32 
../../../img/positive/2022-03-28_22-21-55.mp4/288.jpg 1 929 257 52 56 
../../../img/positive/2022-03-28_22-21-55.mp4/352.jpg 1 578 326 118 121 
../../../img/positive/2022-03-28_22-21-55.mp4/356.jpg 1 591 331 102 117 
../../../img/positive/2022-03-28_22-21-55.mp4/360.jpg 1 610 344 67 86 
../../../img/positive/2022-03-28_22-21-55.mp4/364.jpg 1 611 361 65 70 
../../../img/positive/2022-03-28_22-21-55.mp4/4.jpg 1 989 333 28 32 
../../../img/positive/2022-03-28_22-21-55.mp4/484.jpg 1 654 282 44 44 
../../../img/positive/2022-03-28_22-21-55.mp4/488.jpg 1 699 334 57 66 
../../../img/positive/2022-03-28_22-21-55.mp4/492.jpg 1 367 261 236 300 
../../../img/positive/2022-03-28_22-21-55.mp4/496.jpg 1 457 106 290 272 
../../../img/positive/2022-03-28_22-21-55.mp4/500.jpg 1 502 129 259 221 
../../../img/positive/2022-03-28_22-21-55.mp4/504.jpg 1 639 346 103 113 
../../../img/positive/2022-03-28_22-21-55.mp4/508.jpg 1 370 125 190 202 
../../../img/positive/2022-03-28_22-21-55.mp4/516.jpg 1 798 98 243 250 
../../../img/positive/2022-03-28_22-21-55.mp4/528.jpg 1 483 312 165 198 
../../../img/positive/2022-03-28_22-21-55.mp4/532.jpg 1 498 291 176 167 
../../../img/positive/2022-03-28_22-21-55.mp4/540.jpg 1 555 313 180 180 
../../../img/positive/2022-03-28_22-21-55.mp4/544.jpg 1 561 305 149 156 
../../../img/positive/2022-03-28_22-21-55.mp4/548.jpg 2 586 333 110 107 434 358 107 97 
../../../img/positive/2022-03-28_22-21-55.mp4/552.jpg 2 434 438 106 99 589 351 94 85 
../../../img/positive/2022-03-28_22-21-55.mp4/556.jpg 1 270 206 193 157 
../../../img/positive/2022-03-28_22-21-55.mp4/572.jpg 1 832 251 166 168 
../../../img/positive/2022-03-28_22-21-55.mp4/576.jpg 1 826 210 140 123 
../../../img/positive/2022-03-28_22-21-55.mp4/588.jpg 1 793 98 125 134 
../../../img/positive/2022-03-28_22-21-55.mp4/620.jpg 1 463 371 47 47 
../../../img/positive/2022-03-28_22-21-55.mp4/636.jpg 1 1061 406 139 101 
../../../img/positive/2022-03-28_22-21-55.mp4/640.jpg 1 567 359 84 84 
../../../img/positive/2022-03-28_22-21-55.mp4/644.jpg 0 
../../../img/positive/2022-03-28_22-21-55.mp4/648.jpg 1 646 348 73 84 
../../../img/positive/2022-03-28_22-21-55.mp4/664.jpg 1 355 361 106 88 
../../../img/positive/2022-03-28_22-21-55.mp4/68.jpg 0 
../../../img/positive/2022-03-28_22-21-55.mp4/680.jpg 1 546 291 195 200 
../../../img/positive/2022-03-28_22-21-55.mp4/684.jpg 1 562 299 160 175 
../../../img/positive/2022-03-28_22-21-55.mp4/688.jpg 1 560 301 159 187 
../../../img/positive/2022-03-28_22-21-55.mp4/696.jpg 1 500 227 302 306 
../../../img/positive/2022-03-28_22-21-55.mp4/72.jpg 1 509 309 206 257 
../../../img/positive/2022-03-28_22-21-55.mp4/76.jpg 1 580 364 57 68 
../../../img/positive/2022-03-28_22-21-55.mp4/80.jpg 1 593 469 185 200 
../../../img/positive/2022-03-28_22-21-55.mp4/812.jpg 1 837 353 68 63 
../../../img/positive/2022-03-28_22-21-55.mp4/816.jpg 1 616 356 60 56 
../../../img/positive/2022-03-28_22-21-55.mp4/820.jpg 1 621 353 74 69 
../../../img/positive/2022-03-28_22-21-55.mp4/824.jpg 1 626 297 84 74 
../../../img/positive/2022-03-28_22-21-55.mp4/828.jpg 1 526 385 85 84 
../../../img/positive/2022-03-28_22-21-55.mp4/832.jpg 1 615 231 117 114 
../../../img/positive/2022-03-28_22-21-55.mp4/836.jpg 1 636 302 97 82 
../../../img/positive/2022-03-28_22-21-55.mp4/84.jpg 1 609 353 61 60 
../../../img/positive/2022-03-28_22-21-55.mp4/856.jpg 1 842 287 175 132 
../../../img/positive/2022-03-28_22-21-55.mp4/860.jpg 2 615 368 49 42 760 299 210 147 
../../../img/positive/2022-03-28_22-21-55.mp4/864.jpg 2 856 340 63 67 543 277 140 147 
../../../img/positive/2022-03-28_22-21-55.mp4/868.jpg 1 850 346 71 77 
../../../img/positive/2022-03-28_22-21-55.mp4/872.jpg 2 623 375 39 42 766 350 83 69 
../../../img/positive/2022-03-28_22-21-55.mp4/88.jpg 1 608 349 64 61 
../../../img/positive/2022-03-28_22-21-55.mp4/92.jpg 1 620 388 48 46 
../../../img/positive/2022-03-28_22-24-34.mp4/100.jpg 1 432 418 68 60
../../../img/positive/2022-03-28_22-24-34.mp4/104.jpg 1 504 395 63 66
../../../img/positive/2022-03-28_22-24-34.mp4/108.jpg 1 424 325 108 107
../../../img/positive/2022-03-28_22-24-34.mp4/112.jpg 1 422 361 141 128
../../../img/positive/2022-03-28_22-24-34.mp4/12.jpg 1 848 226 47 43
../../../img/positive/2022-03-28_22-24-34.mp4/120.jpg 0
../../../img/positive/2022-03-28_22-24-34.mp4/124.jpg 1 369 164 128 130
../../../img/positive/2022-03-28_22-24-34.mp4/128.jpg 1 188 327 177 148
../../../img/positive/2022-03-28_22-24-34.mp4/132.jpg 1 528 174 101 111
../../../img/positive/2022-03-28_22-24-34.mp4/136.jpg 1 258 211 237 189
../../../img/positive/2022-03-28_22-24-34.mp4/140.jpg 1 596 343 113 113
../../../img/positive/2022-03-28_22-24-34.mp4/148.jpg 1 903 443 49 65
../../../img/positive/2022-03-28_22-24-34.mp4/152.jpg 1 580 407 53 56
../../../img/positive/2022-03-28_22-24-34.mp4/156.jpg 1 593 334 71 76
../../../img/positive/2022-03-28_22-24-34.mp4/16.jpg 3 418 330 56 57 755 210 26 31 755 210 26 31
../../../img/positive/2022-03-28_22-24-34.mp4/160.jpg 1 437 531 172 159
../../../img/positive/2022-03-28_22-24-34.mp4/164.jpg 1 11 425 388 255
../../../img/positive/2022-03-28_22-24-34.mp4/168.jpg 1 501 208 202 226
../../../img/positive/2022-03-28_22-24-34.mp4/172.jpg 1 703 264 194 217
../../../img/positive/2022-03-28_22-24-34.mp4/176.jpg 1 981 147 275 322
../../../img/positive/2022-03-28_22-24-34.mp4/180.jpg 1 630 271 139 164
../../../img/positive/2022-03-28_22-24-34.mp4/184.jpg 1 697 299 92 94
../../../img/positive/2022-03-28_22-24-34.mp4/188.jpg 1 772 281 89 94
../../../img/positive/2022-03-28_22-24-34.mp4/20.jpg 0
../../../img/positive/2022-03-28_22-24-34.mp4/208.jpg 1 381 354 37 50
../../../img/positive/2022-03-28_22-24-34.mp4/220.jpg 1 491 341 97 125
../../../img/positive/2022-03-28_22-24-34.mp4/224.jpg 1 511 294 85 131
../../../img/positive/2022-03-28_22-24-34.mp4/228.jpg 1 584 320 142 160
../../../img/positive/2022-03-28_22-24-34.mp4/232.jpg 1 772 265 281 276
../../../img/positive/2022-03-28_22-24-34.mp4/236.jpg 1 255 281 247 217
../../../img/positive/2022-03-28_22-24-34.mp4/24.jpg 1 645 320 47 49
../../../img/positive/2022-03-28_22-24-34.mp4/240.jpg 0
../../../img/positive/2022-03-28_22-24-34.mp4/244.jpg 1 723 281 49 69
../../../img/positive/2022-03-28_22-24-34.mp4/248.jpg 0
../../../img/positive/2022-03-28_22-24-34.mp4/252.jpg 1 943 313 40 37
../../../img/positive/2022-03-28_22-24-34.mp4/256.jpg 1 608 262 61 69
../../../img/positive/2022-03-28_22-24-34.mp4/260.jpg 1 726 394 128 116
../../../img/positive/2022-03-28_22-24-34.mp4/264.jpg 1 269 473 210 176
../../../img/positive/2022-03-28_22-24-34.mp4/268.jpg 1 455 421 95 84
../../../img/positive/2022-03-28_22-24-34.mp4/272.jpg 1 641 107 290 286
../../../img/positive/2022-03-28_22-24-34.mp4/276.jpg 2 114 399 112 73 582 463 118 96
../../../img/positive/2022-03-28_22-24-34.mp4/28.jpg 2 504 375 58 40 1115 364 28 37
../../../img/positive/2022-03-28_22-24-34.mp4/280.jpg 1 432 607 106 82
../../../img/positive/2022-03-28_22-24-34.mp4/288.jpg 1 484 171 34 42
../../../img/positive/2022-03-28_22-24-34.mp4/292.jpg 1 657 254 35 39
../../../img/positive/2022-03-28_22-24-34.mp4/296.jpg 1 656 298 41 46
../../../img/positive/2022-03-28_22-24-34.mp4/300.jpg 1 689 410 63 62
../../../img/positive/2022-03-28_22-24-34.mp4/304.jpg 1 691 201 80 93
../../../img/positive/2022-03-28_22-24-34.mp4/308.jpg 1 835 368 73 82
../../../img/positive/2022-03-28_22-24-34.mp4/312.jpg 1 309 257 39 35
../../../img/positive/2022-03-28_22-24-34.mp4/316.jpg 1 552 284 38 39
../../../img/positive/2022-03-28_22-24-34.mp4/32.jpg 1 747 625 82 67
../../../img/positive/2022-03-28_22-24-34.mp4/320.jpg 1 604 364 57 55
../../../img/positive/2022-03-28_22-24-34.mp4/324.jpg 0
../../../img/positive/2022-03-28_22-24-34.mp4/340.jpg 1 607 363 35 19
../../../img/positive/2022-03-28_22-24-34.mp4/344.jpg 1 659 382 30 28
../../../img/positive/2022-03-28_22-24-34.mp4/348.jpg 1 1027 505 70 75
../../../img/positive/2022-03-28_22-24-34.mp4/352.jpg 1 1175 549 94 103
../../../img/positive/2022-03-28_22-24-34.mp4/4.jpg 1 786 178 45 54
../../../img/positive/2022-03-28_22-24-34.mp4/40.jpg 1 521 188 25 35
../../../img/positive/2022-03-28_22-24-34.mp4/412.jpg 1 661 463 49 55
../../../img/positive/2022-03-28_22-24-34.mp4/416.jpg 1 714 403 78 83
../../../img/positive/2022-03-28_22-24-34.mp4/44.jpg 1 463 247 27 36
../../../img/positive/2022-03-28_22-24-34.mp4/444.jpg 1 864 199 76 105
../../../img/positive/2022-03-28_22-24-34.mp4/448.jpg 1 840 278 69 68
../../../img/positive/2022-03-28_22-24-34.mp4/452.jpg 1 982 162 137 154
../../../img/positive/2022-03-28_22-24-34.mp4/464.jpg 1 835 178 40 35
../../../img/positive/2022-03-28_22-24-34.mp4/468.jpg 1 597 228 42 31
../../../img/positive/2022-03-28_22-24-34.mp4/472.jpg 1 691 255 41 34
../../../img/positive/2022-03-28_22-24-34.mp4/476.jpg 1 647 367 47 50
../../../img/positive/2022-03-28_22-24-34.mp4/48.jpg 1 500 273 32 34
../../../img/positive/2022-03-28_22-24-34.mp4/480.jpg 1 662 270 64 59
../../../img/positive/2022-03-28_22-24-34.mp4/484.jpg 1 403 275 71 49
../../../img/positive/2022-03-28_22-24-34.mp4/488.jpg 1 201 282 84 51
../../../img/positive/2022-03-28_22-24-34.mp4/492.jpg 1 697 283 54 63
../../../img/positive/2022-03-28_22-24-34.mp4/508.jpg 1 506 516 69 66
../../../img/positive/2022-03-28_22-24-34.mp4/512.jpg 1 503 483 99 105
../../../img/positive/2022-03-28_22-24-34.mp4/516.jpg 0
../../../img/positive/2022-03-28_22-24-34.mp4/52.jpg 2 435 338 49 41 594 330 47 42
../../../img/positive/2022-03-28_22-24-34.mp4/520.jpg 1 553 286 68 62
../../../img/positive/2022-03-28_22-24-34.mp4/524.jpg 1 642 445 92 100
../../../img/positive/2022-03-28_22-24-34.mp4/528.jpg 2 523 163 85 92 480 329 51 57
../../../img/positive/2022-03-28_22-24-34.mp4/532.jpg 2 306 345 110 106 275 549 87 86
../../../img/positive/2022-03-28_22-24-34.mp4/540.jpg 1 489 457 91 104
../../../img/positive/2022-03-28_22-24-34.mp4/544.jpg 0
../../../img/positive/2022-03-28_22-24-34.mp4/552.jpg 1 691 308 23 22
../../../img/positive/2022-03-28_22-24-34.mp4/556.jpg 0
../../../img/positive/2022-03-28_22-24-34.mp4/56.jpg 2 589 360 59 57 386 403 77 48
../../../img/positive/2022-03-28_22-24-34.mp4/60.jpg 1 1195 399 42 36
../../../img/positive/2022-03-28_22-24-34.mp4/64.jpg 1 383 252 85 84
../../../img/positive/2022-03-28_22-24-34.mp4/76.jpg 1 526 217 160 174
../../../img/positive/2022-03-28_22-24-34.mp4/8.jpg 1 787 255 30 27
../../../img/positive/2022-03-28_22-24-34.mp4/80.jpg 1 695 100 328 293
../../../img/positive/2022-03-28_22-24-34.mp4/84.jpg 1 671 221 96 102
../../../img/positive/2022-03-28_22-24-34.mp4/88.jpg 1 701 101 156 147
../../../img/positive/2022-03-28_22-24-34.mp4/92.jpg 1 760 282 102 120
../../../img/positive/2022-03-28_22-24-34.mp4/96.jpg 1 771 285 104 111
../../../img/positive/2022-03-29_10-23-19.mp4/118.jpg 1 960 341 63 70 
../../../img/positive/2022-03-29_10-23-19.mp4/120.jpg 1 672 303 56 64 
../../../img/positive/2022-03-29_10-23-19.mp4/121.jpg 1 428 285 78 84 
../../../img/positive/2022-03-29_10-23-19.mp4/122.jpg 1 478 279 103 125 
../../../img/positive/2022-03-29_10-23-19.mp4/123.jpg 1 674 352 101 109 
../../../img/positive/2022-03-29_10-23-19.mp4/124.jpg 1 671 368 98 103 
../../../img/positive/2022-03-29_10-23-19.mp4/126.jpg 1 570 336 105 86 
../../../img/positive/2022-03-29_10-23-19.mp4/127.jpg 1 566 299 114 119 
../../../img/positive/2022-03-29_10-23-19.mp4/128.jpg 1 591 347 96 74 
../../../img/positive/2022-03-29_10-23-19.mp4/129.jpg 1 534 293 111 119 
../../../img/positive/2022-03-29_10-23-19.mp4/130.jpg 1 577 244 121 146 
../../../img/positive/2022-03-29_10-23-19.mp4/131.jpg 1 669 231 120 143 
../../../img/positive/2022-03-29_10-23-19.mp4/132.jpg 1 616 249 130 139 
../../../img/positive/2022-03-29_10-23-19.mp4/133.jpg 1 514 342 114 90 
../../../img/positive/2022-03-29_10-23-19.mp4/134.jpg 1 492 362 119 80 
../../../img/positive/2022-03-29_10-23-19.mp4/135.jpg 1 611 229 111 144 
../../../img/positive/2022-03-29_10-23-19.mp4/136.jpg 1 624 201 122 145 
../../../img/positive/2022-03-29_10-23-19.mp4/137.jpg 1 568 345 94 113 
../../../img/positive/2022-03-29_10-23-19.mp4/138.jpg 1 674 449 80 63 
../../../img/positive/2022-03-29_10-23-19.mp4/139.jpg 1 678 436 82 95 
../../../img/positive/2022-03-29_10-23-19.mp4/140.jpg 1 552 362 103 128 
../../../img/positive/2022-03-29_10-23-19.mp4/144.jpg 1 268 402 153 117 
../../../img/positive/2022-03-29_10-23-19.mp4/145.jpg 1 446 375 109 128 
../../../img/positive/2022-03-29_10-23-19.mp4/146.jpg 1 368 356 140 135 
../../../img/positive/2022-03-29_10-23-19.mp4/147.jpg 1 294 478 146 148 
../../../img/positive/2022-03-29_10-23-19.mp4/148.jpg 1 129 535 217 156 
../../../img/positive/2022-03-29_10-23-19.mp4/149.jpg 1 5 390 241 185 
../../../img/positive/2022-03-29_10-23-19.mp4/150.jpg 1 237 98 175 160 
../../../img/positive/2022-03-29_10-23-19.mp4/151.jpg 1 613 211 82 110 
../../../img/positive/2022-03-29_10-23-19.mp4/152.jpg 1 746 198 95 104 
../../../img/positive/2022-03-29_10-23-19.mp4/153.jpg 1 727 156 85 110 
../../../img/positive/2022-03-29_10-23-19.mp4/154.jpg 1 686 253 81 88 
../../../img/positive/2022-03-29_10-23-19.mp4/155.jpg 1 615 183 107 130 
../../../img/positive/2022-03-29_10-23-19.mp4/156.jpg 1 540 243 122 118 
../../../img/positive/2022-03-29_10-23-19.mp4/157.jpg 1 588 295 92 101 
../../../img/positive/2022-03-29_10-23-19.mp4/158.jpg 1 583 339 96 76 
../../../img/positive/2022-03-29_10-23-19.mp4/159.jpg 1 587 314 80 86 
../../../img/positive/2022-03-29_10-23-19.mp4/160.jpg 1 616 349 75 60 
../../../img/positive/2022-03-29_10-23-19.mp4/161.jpg 1 622 330 73 85 
../../../img/positive/2022-03-29_10-23-19.mp4/162.jpg 1 620 338 77 57 
../../../img/positive/2022-03-29_10-23-19.mp4/163.jpg 0 
../../../img/positive/2022-03-29_10-23-19.mp4/166.jpg 1 619 323 66 64 
../../../img/positive/2022-03-29_10-23-19.mp4/167.jpg 1 619 328 62 61 
../../../img/positive/2022-03-29_10-23-19.mp4/168.jpg 1 611 355 55 52 
../../../img/positive/2022-03-29_10-23-19.mp4/169.jpg 1 589 331 58 55 
../../../img/positive/2022-03-29_10-23-19.mp4/170.jpg 1 603 319 53 63 
../../../img/positive/2022-03-29_10-23-19.mp4/177.jpg 1 384 244 43 42 
../../../img/positive/2022-03-29_10-23-19.mp4/178.jpg 1 469 261 37 43 
../../../img/positive/2022-03-29_10-23-19.mp4/179.jpg 1 490 269 44 49 
../../../img/positive/2022-03-29_10-23-19.mp4/180.jpg 1 580 283 40 37 
../../../img/positive/2022-03-29_10-23-19.mp4/181.jpg 1 580 285 40 38 
../../../img/positive/2022-03-29_10-23-19.mp4/182.jpg 1 586 280 39 39 
../../../img/positive/2022-03-29_10-23-19.mp4/183.jpg 1 579 272 42 44 
../../../img/positive/2022-03-29_10-23-19.mp4/184.jpg 1 604 256 38 45 
../../../img/positive/2022-03-29_10-23-19.mp4/185.jpg 0 
../../../img/positive/2022-03-29_10-23-19.mp4/188.jpg 1 536 322 37 45 
../../../img/positive/2022-03-29_10-23-19.mp4/189.jpg 1 547 330 49 51 
../../../img/positive/2022-03-29_10-23-19.mp4/190.jpg 1 579 333 48 48 
../../../img/positive/2022-03-29_10-23-19.mp4/191.jpg 1 594 361 43 44 
../../../img/positive/2022-03-29_10-23-19.mp4/192.jpg 1 568 349 52 56 
../../../img/positive/2022-03-29_10-23-19.mp4/193.jpg 1 538 344 65 71 
../../../img/positive/2022-03-29_10-23-19.mp4/194.jpg 1 581 348 61 65 
../../../img/positive/2022-03-29_10-23-19.mp4/195.jpg 1 637 371 49 46 
../../../img/positive/2022-03-29_10-23-19.mp4/196.jpg 1 601 378 40 40 
../../../img/positive/2022-03-29_10-23-19.mp4/197.jpg 1 606 357 69 46 
../../../img/positive/2022-03-29_10-23-19.mp4/198.jpg 1 599 344 81 74 
../../../img/positive/2022-03-29_10-23-19.mp4/199.jpg 1 596 344 91 76 
../../../img/positive/2022-03-29_10-23-19.mp4/201.jpg 1 601 346 42 51 
../../../img/positive/2022-03-29_10-23-19.mp4/202.jpg 1 606 342 81 78 
../../../img/positive/2022-03-29_10-23-19.mp4/203.jpg 1 613 346 64 66 
../../../img/positive/2022-03-29_10-23-19.mp4/204.jpg 1 618 352 61 59 
../../../img/positive/2022-03-29_10-23-19.mp4/205.jpg 1 621 350 56 54 
../../../img/positive/2022-03-29_10-23-19.mp4/206.jpg 1 616 348 58 63 
../../../img/positive/2022-03-29_10-23-19.mp4/207.jpg 1 613 352 63 57 
../../../img/positive/2022-03-29_10-23-19.mp4/208.jpg 1 618 358 55 52 
../../../img/positive/2022-03-29_10-23-19.mp4/209.jpg 1 616 352 55 61 
../../../img/positive/2022-03-29_10-23-19.mp4/210.jpg 1 612 362 57 53 
../../../img/positive/2022-03-29_10-23-19.mp4/211.jpg 1 616 362 49 43 
../../../img/positive/2022-03-29_10-23-19.mp4/212.jpg 1 618 356 47 45 
../../../img/positive/2022-03-29_10-23-19.mp4/213.jpg 1 641 370 24 38 
../../../img/positive/2022-03-29_10-23-19.mp4/216.jpg 1 5 477 276 211 
../../../img/positive/2022-03-29_10-23-19.mp4/217.jpg 1 40 561 299 129 
../../../img/positive/2022-03-29_10-23-19.mp4/218.jpg 1 134 631 183 62 
../../../img/positive/2022-03-29_10-23-19.mp4/219.jpg 1 242 655 124 36 
../../../img/positive/2022-03-29_10-23-19.mp4/285.jpg 1 456 135 112 119 
../../../img/positive/2022-03-29_10-23-19.mp4/286.jpg 1 446 305 108 100 
../../../img/positive/2022-03-29_10-23-19.mp4/287.jpg 1 430 323 122 109 
../../../img/positive/2022-03-29_10-23-19.mp4/288.jpg 1 420 425 117 114 
../../../img/positive/2022-03-29_10-23-19.mp4/289.jpg 1 496 395 105 103 
../../../img/positive/2022-03-29_10-23-19.mp4/290.jpg 1 571 219 136 134 
../../../img/positive/2022-03-29_10-23-19.mp4/291.jpg 1 669 217 124 171 
../../../img/positive/2022-03-29_10-23-19.mp4/292.jpg 1 824 390 187 186 
../../../img/positive/2022-03-29_10-23-19.mp4/293.jpg 1 725 432 108 167 
../../../img/positive/2022-03-29_10-23-19.mp4/294.jpg 1 464 389 56 112 
../../../img/positive/2022-03-29_10-23-19.mp4/295.jpg 0 
../../../img/positive/2022-03-29_10-23-19.mp4/296.jpg 1 689 386 47 65 
../../../img/positive/2022-03-29_10-23-19.mp4/297.jpg 0 
../../../img/positive/2022-03-29_10-23-19.mp4/317.jpg 1 901 364 62 35 
../../../img/positive/2022-03-29_10-23-19.mp4/318.jpg 1 862 363 66 33 
../../../img/positive/2022-03-29_10-23-19.mp4/324.jpg 1 682 366 30 38 
../../../img/positive/2022-03-29_10-23-19.mp4/325.jpg 1 717 405 34 41 
../../../img/positive/2022-03-29_10-23-19.mp4/326.jpg 1 708 377 26 37 
../../../img/positive/2022-03-29_10-23-19.mp4/328.jpg 1 702 454 27 33 
../../../img/positive/2022-03-29_10-23-19.mp4/329.jpg 1 624 421 27 30 
../../../img/positive/2022-03-29_10-23-19.mp4/330.jpg 1 573 403 38 40 
../../../img/positive/2022-03-29_10-23-19.mp4/333.jpg 1 617 358 49 45 
../../../img/positive/2022-03-29_10-23-19.mp4/334.jpg 1 610 362 56 38 
../../../img/positive/2022-03-29_10-23-19.mp4/335.jpg 1 607 356 69 46 
../../../img/positive/2022-03-29_10-23-19.mp4/336.jpg 1 606 361 61 40 
../../../img/positive/2022-03-29_10-23-19.mp4/337.jpg 1 604 355 69 44 
../../../img/positive/2022-03-29_10-23-19.mp4/338.jpg 1 616 361 48 27 
../../../img/positive/2022-03-29_10-23-19.mp4/339.jpg 1 609 352 58 53 
../../../img/positive/2022-03-29_10-23-19.mp4/340.jpg 1 619 361 51 46 
../../../img/positive/2022-03-29_10-23-19.mp4/341.jpg 1 614 364 53 46 
../../../img/positive/2022-03-29_10-23-19.mp4/342.jpg 1 615 358 53 51 
../../../img/positive/2022-03-29_10-23-19.mp4/343.jpg 1 613 364 56 43 
../../../img/positive/2022-03-29_10-23-19.mp4/344.jpg 1 611 367 50 36 
../../../img/positive/2022-03-29_10-23-19.mp4/345.jpg 1 619 369 46 41 
../../../img/positive/2022-03-29_10-23-19.mp4/346.jpg 1 615 370 45 39 
../../../img/positive/2022-03-29_10-23-19.mp4/37.jpg 1 627 361 23 31 
../../../img/positive/2022-03-29_10-23-19.mp4/38.jpg 1 673 353 24 32 
../../../img/positive/2022-03-29_10-23-19.mp4/39.jpg 1 700 345 26 32 
../../../img/positive/2022-03-29_10-23-19.mp4/40.jpg 1 646 360 29 31 
../../../img/positive/2022-03-29_10-23-19.mp4/41.jpg 1 640 357 38 37 
../../../img/positive/2022-03-29_10-23-19.mp4/42.jpg 1 611 367 34 42 
../../../img/positive/2022-03-29_10-23-19.mp4/43.jpg 1 612 367 35 34 
../../../img/positive/2022-03-29_10-23-19.mp4/44.jpg 1 627 362 29 28 
../../../img/positive/2022-03-29_10-23-19.mp4/45.jpg 1 625 362 40 38 
../../../img/positive/2022-03-29_10-23-19.mp4/46.jpg 1 628 360 37 27 
../../../img/positive/2022-03-29_10-23-19.mp4/47.jpg 1 626 366 34 22 
../../../img/positive/2022-03-29_10-23-19.mp4/48.jpg 1 623 357 41 33 
../../../img/positive/2022-03-29_10-23-19.mp4/49.jpg 1 620 364 43 25 
../../../img/positive/2022-03-29_10-23-19.mp4/50.jpg 1 615 357 51 39 
../../../img/positive/2022-03-29_10-23-19.mp4/51.jpg 1 610 353 56 38 
../../../img/positive/2022-03-29_10-23-19.mp4/52.jpg 1 603 353 47 36 
../../../img/positive/2022-03-29_10-23-19.mp4/53.jpg 1 606 352 56 48 
../../../img/positive/2022-03-29_10-23-19.mp4/54.jpg 1 609 354 63 49 
../../../img/positive/2022-03-29_10-23-19.mp4/55.jpg 1 610 348 65 52 
../../../img/positive/2022-03-29_10-23-19.mp4/56.jpg 1 606 348 72 64 
../../../img/positive/2022-03-29_10-23-19.mp4/57.jpg 1 596 352 71 56 
../../../img/positive/2022-03-29_10-23-19.mp4/58.jpg 1 577 351 67 60 
../../../img/positive/2022-03-29_10-23-19.mp4/59.jpg 1 584 325 59 66 
../../../img/positive/2022-03-29_10-23-19.mp4/60.jpg 1 621 339 66 72 
../../../img/positive/2022-03-29_10-23-19.mp4/61.jpg 1 658 363 46 52 
../../../img/positive/2022-03-29_10-23-19.mp4/62.jpg 1 694 356 25 55 
../../../img/positive/2022-03-29_10-23-19.mp4/63.jpg 0 
../../../img/positive/2022-03-29_10-23-19.mp4/65.jpg 1 632 394 46 29 
../../../img/positive/2022-03-29_10-23-19.mp4/68.jpg 1 561 340 44 56 
../../../img/positive/2022-03-29_10-23-19.mp4/78.jpg 1 560 329 61 68 
../../../img/positive/2022-03-29_10-23-19.mp4/79.jpg 1 613 401 50 59 
../../../img/positive/2022-03-29_10-23-19.mp4/80.jpg 2 212 307 73 69 623 392 59 57 
../../../img/positive/2022-03-29_10-23-19.mp4/81.jpg 2 622 352 82 79 67 238 93 76 
../../../img/positive/2022-03-29_10-23-19.mp4/82.jpg 1 597 300 73 87 
../../../img/positive/2022-03-29_10-23-19.mp4/83.jpg 1 621 303 72 93 
../../../img/positive/2022-03-29_10-23-19.mp4/84.jpg 1 667 365 67 80 
../../../img/positive/2022-03-29_10-23-19.mp4/85.jpg 1 651 361 60 67 
../../../img/positive/2022-03-29_10-23-19.mp4/86.jpg 1 573 336 73 80 
../../../img/positive/2022-03-29_10-23-19.mp4/87.jpg 1 571 317 71 79 
../../../img/positive/2022-03-29_10-23-19.mp4/88.jpg 1 626 332 60 88 
../../../img/positive/2022-03-29_10-23-19.mp4/89.jpg 2 608 348 76 74 3 210 87 85 
../../../img/positive/2022-03-29_10-23-19.mp4/90.jpg 1 586 317 86 107 
../../../img/positive/2022-03-29_10-23-19.mp4/91.jpg 1 583 280 82 97 
../../../img/positive/2022-03-29_10-23-19.mp4/92.jpg 1 558 332 84 96 
../../../img/positive/2022-04-15_23-14-08.mp4/100.jpg 1 624 346 37 35 
../../../img/positive/2022-04-15_23-14-08.mp4/101.jpg 1 609 356 21 24 
../../../img/positive/2022-04-15_23-14-08.mp4/106.jpg 1 1018 313 61 42 
../../../img/positive/2022-04-15_23-14-08.mp4/107.jpg 1 1045 278 47 65 
../../../img/positive/2022-04-15_23-14-08.mp4/108.jpg 0 
../../../img/positive/2022-04-15_23-14-08.mp4/109.jpg 1 1037 274 68 48 
../../../img/positive/2022-04-15_23-14-08.mp4/110.jpg 1 1020 272 55 48 
../../../img/positive/2022-04-15_23-14-08.mp4/111.jpg 1 724 262 35 30 
../../../img/positive/2022-04-15_23-14-08.mp4/113.jpg 1 620 361 39 32 
../../../img/positive/2022-04-15_23-14-08.mp4/114.jpg 1 618 357 38 35 
../../../img/positive/2022-04-15_23-14-08.mp4/115.jpg 1 619 357 37 40 
../../../img/positive/2022-04-15_23-14-08.mp4/116.jpg 1 626 361 34 35 
../../../img/positive/2022-04-15_23-14-08.mp4/173.jpg 1 661 212 64 53 
../../../img/positive/2022-04-15_23-14-08.mp4/174.jpg 1 718 197 69 73 
../../../img/positive/2022-04-15_23-14-08.mp4/175.jpg 1 690 235 68 74 
../../../img/positive/2022-04-15_23-14-08.mp4/176.jpg 1 702 244 77 93 
../../../img/positive/2022-04-15_23-14-08.mp4/177.jpg 1 634 282 89 103 
../../../img/positive/2022-04-15_23-14-08.mp4/178.jpg 1 523 314 123 102 
../../../img/positive/2022-04-15_23-14-08.mp4/182.jpg 1 599 334 84 81 
../../../img/positive/2022-04-15_23-14-08.mp4/183.jpg 1 594 330 96 93 
../../../img/positive/2022-04-15_23-14-08.mp4/184.jpg 1 603 327 72 60 
../../../img/positive/2022-04-15_23-14-08.mp4/185.jpg 1 598 333 81 88 
../../../img/positive/2022-04-15_23-14-08.mp4/187.jpg 1 592 333 86 89 
../../../img/positive/2022-04-15_23-14-08.mp4/188.jpg 1 613 332 57 72 
../../../img/positive/2022-04-15_23-14-08.mp4/189.jpg 1 603 325 68 62 
../../../img/positive/2022-04-15_23-14-08.mp4/190.jpg 1 599 328 86 51 
../../../img/positive/2022-04-15_23-14-08.mp4/191.jpg 1 600 328 93 63 
../../../img/positive/2022-04-15_23-14-08.mp4/192.jpg 1 602 324 81 52 
../../../img/positive/2022-04-15_23-14-08.mp4/193.jpg 1 599 324 82 53 
../../../img/positive/2022-04-15_23-14-08.mp4/22.jpg 1 572 520 35 33 
../../../img/positive/2022-04-15_23-14-08.mp4/228.jpg 1 10 591 89 48 
../../../img/positive/2022-04-15_23-14-08.mp4/229.jpg 1 12 606 70 45 
../../../img/positive/2022-04-15_23-14-08.mp4/23.jpg 1 944 258 39 45 
../../../img/positive/2022-04-15_23-14-08.mp4/24.jpg 1 575 165 34 38 
../../../img/positive/2022-04-15_23-14-08.mp4/25.jpg 1 599 179 41 39 
../../../img/positive/2022-04-15_23-14-08.mp4/27.jpg 1 688 363 36 36 
../../../img/positive/2022-04-15_23-14-08.mp4/29.jpg 1 612 362 34 40 
../../../img/positive/2022-04-15_23-14-08.mp4/30.jpg 1 600 335 50 47 
../../../img/positive/2022-04-15_23-14-08.mp4/31.jpg 1 584 344 44 49 
../../../img/positive/2022-04-15_23-14-08.mp4/32.jpg 1 565 370 42 44 
../../../img/positive/2022-04-15_23-14-08.mp4/33.jpg 2 633 335 51 58 522 354 57 64 
../../../img/positive/2022-04-15_23-14-08.mp4/35.jpg 2 523 384 64 55 636 346 52 58 
../../../img/positive/2022-04-15_23-14-08.mp4/36.jpg 1 586 339 60 62 
../../../img/positive/2022-04-15_23-14-08.mp4/39.jpg 1 613 320 83 76 
../../../img/positive/2022-04-15_23-14-08.mp4/40.jpg 1 630 262 77 99 
../../../img/positive/2022-04-15_23-14-08.mp4/41.jpg 1 613 274 86 97 
../../../img/positive/2022-04-15_23-14-08.mp4/44.jpg 1 589 292 79 83 
../../../img/positive/2022-04-15_23-14-08.mp4/45.jpg 1 556 226 70 84 
../../../img/positive/2022-04-15_23-14-08.mp4/46.jpg 1 541 340 80 74 
../../../img/positive/2022-04-15_23-14-08.mp4/48.jpg 1 612 348 55 52 
../../../img/positive/2022-04-15_23-14-08.mp4/49.jpg 1 624 323 65 68 
../../../img/positive/2022-04-15_23-14-08.mp4/50.jpg 1 624 362 49 51 
../../../img/positive/2022-04-15_23-14-08.mp4/58.jpg 1 507 256 35 30 
../../../img/positive/2022-04-15_23-14-08.mp4/59.jpg 1 507 255 34 34 
../../../img/positive/2022-04-15_23-14-08.mp4/60.jpg 1 553 256 35 35 
../../../img/positive/2022-04-15_23-14-08.mp4/61.jpg 1 880 239 46 36 
../../../img/positive/2022-04-15_23-14-08.mp4/68.jpg 1 285 272 42 42 
../../../img/positive/2022-04-15_23-14-08.mp4/69.jpg 1 537 295 26 34 
../../../img/positive/2022-04-15_23-14-08.mp4/70.jpg 1 558 291 31 30 
../../../img/positive/2022-04-15_23-14-08.mp4/72.jpg 1 833 308 34 33 
../../../img/positive/2022-04-15_23-14-08.mp4/73.jpg 1 1059 319 37 42 
../../../img/positive/2022-04-15_23-14-08.mp4/77.jpg 1 318 425 38 34 
../../../img/positive/2022-04-15_23-14-08.mp4/84.jpg 1 665 305 28 43 
../../../img/positive/2022-04-15_23-14-08.mp4/86.jpg 1 632 337 44 47 
../../../img/positive/2022-04-15_23-14-08.mp4/87.jpg 1 631 322 48 56 
../../../img/positive/2022-04-15_23-14-08.mp4/88.jpg 1 607 342 45 43 
../../../img/positive/2022-04-15_23-14-08.mp4/89.jpg 1 581 326 49 54 
../../../img/positive/2022-04-15_23-14-08.mp4/90.jpg 1 603 350 28 41 
../../../img/positive/2022-04-15_23-14-08.mp4/91.jpg 0 
../../../img/positive/2022-04-15_23-14-08.mp4/92.jpg 1 611 326 59 52 
../../../img/positive/2022-04-15_23-14-08.mp4/93.jpg 1 637 324 42 54 
../../../img/positive/2022-04-15_23-14-08.mp4/94.jpg 1 651 349 45 49 
../../../img/positive/2022-04-15_23-14-08.mp4/95.jpg 1 616 333 48 51 
../../../img/positive/2022-04-15_23-14-08.mp4/96.jpg 1 637 358 34 37 
../../../img/positive/2022-04-15_23-14-08.mp4/97.jpg 1 616 360 38 37 
../../../img/positive/2022-04-15_23-14-08.mp4/98.jpg 1 578 324 55 46 
../../../img/positive/2022-04-15_23-14-08.mp4/99.jpg 1 603 328 38 39 
