100.jpg 1 624 346 37 35 
101.jpg 1 609 356 21 24 
106.jpg 1 1018 313 61 42 
107.jpg 1 1045 278 47 65 
108.jpg 0 
109.jpg 1 1037 274 68 48 
110.jpg 1 1020 272 55 48 
111.jpg 1 724 262 35 30 
113.jpg 1 620 361 39 32 
114.jpg 1 618 357 38 35 
115.jpg 1 619 357 37 40 
116.jpg 1 626 361 34 35 
173.jpg 1 661 212 64 53 
174.jpg 1 718 197 69 73 
175.jpg 1 690 235 68 74 
176.jpg 1 702 244 77 93 
177.jpg 1 634 282 89 103 
178.jpg 1 523 314 123 102 
182.jpg 1 599 334 84 81 
183.jpg 1 594 330 96 93 
184.jpg 1 603 327 72 60 
185.jpg 1 598 333 81 88 
187.jpg 1 592 333 86 89 
188.jpg 1 613 332 57 72 
189.jpg 1 603 325 68 62 
190.jpg 1 599 328 86 51 
191.jpg 1 600 328 93 63 
192.jpg 1 602 324 81 52 
193.jpg 1 599 324 82 53 
22.jpg 1 572 520 35 33 
228.jpg 1 10 591 89 48 
229.jpg 1 12 606 70 45 
23.jpg 1 944 258 39 45 
24.jpg 1 575 165 34 38 
25.jpg 1 599 179 41 39 
27.jpg 1 688 363 36 36 
29.jpg 1 612 362 34 40 
30.jpg 1 600 335 50 47 
31.jpg 1 584 344 44 49 
32.jpg 1 565 370 42 44 
33.jpg 2 633 335 51 58 522 354 57 64 
35.jpg 2 523 384 64 55 636 346 52 58 
36.jpg 1 586 339 60 62 
39.jpg 1 613 320 83 76 
40.jpg 1 630 262 77 99 
41.jpg 1 613 274 86 97 
44.jpg 1 589 292 79 83 
45.jpg 1 556 226 70 84 
46.jpg 1 541 340 80 74 
48.jpg 1 612 348 55 52 
49.jpg 1 624 323 65 68 
50.jpg 1 624 362 49 51 
58.jpg 1 507 256 35 30 
59.jpg 1 507 255 34 34 
60.jpg 1 553 256 35 35 
61.jpg 1 880 239 46 36 
68.jpg 1 285 272 42 42 
69.jpg 1 537 295 26 34 
70.jpg 1 558 291 31 30 
72.jpg 1 833 308 34 33 
73.jpg 1 1059 319 37 42 
77.jpg 1 318 425 38 34 
84.jpg 1 665 305 28 43 
86.jpg 1 632 337 44 47 
87.jpg 1 631 322 48 56 
88.jpg 1 607 342 45 43 
89.jpg 1 581 326 49 54 
90.jpg 1 603 350 28 41 
91.jpg 0 
92.jpg 1 611 326 59 52 
93.jpg 1 637 324 42 54 
94.jpg 1 651 349 45 49 
95.jpg 1 616 333 48 51 
96.jpg 1 637 358 34 37 
97.jpg 1 616 360 38 37 
98.jpg 1 578 324 55 46 
99.jpg 1 603 328 38 39 
