100.jpg 1 432 418 68 60
104.jpg 1 504 395 63 66
108.jpg 1 424 325 108 107
112.jpg 1 422 361 141 128
12.jpg 1 848 226 47 43
120.jpg 0
124.jpg 1 369 164 128 130
128.jpg 1 188 327 177 148
132.jpg 1 528 174 101 111
136.jpg 1 258 211 237 189
140.jpg 1 596 343 113 113
148.jpg 1 903 443 49 65
152.jpg 1 580 407 53 56
156.jpg 1 593 334 71 76
16.jpg 3 418 330 56 57 755 210 26 31 755 210 26 31
160.jpg 1 437 531 172 159
164.jpg 1 11 425 388 255
168.jpg 1 501 208 202 226
172.jpg 1 703 264 194 217
176.jpg 1 981 147 275 322
180.jpg 1 630 271 139 164
184.jpg 1 697 299 92 94
188.jpg 1 772 281 89 94
20.jpg 0
208.jpg 1 381 354 37 50
220.jpg 1 491 341 97 125
224.jpg 1 511 294 85 131
228.jpg 1 584 320 142 160
232.jpg 1 772 265 281 276
236.jpg 1 255 281 247 217
24.jpg 1 645 320 47 49
240.jpg 0
244.jpg 1 723 281 49 69
248.jpg 0
252.jpg 1 943 313 40 37
256.jpg 1 608 262 61 69
260.jpg 1 726 394 128 116
264.jpg 1 269 473 210 176
268.jpg 1 455 421 95 84
272.jpg 1 641 107 290 286
276.jpg 2 114 399 112 73 582 463 118 96
28.jpg 2 504 375 58 40 1115 364 28 37
280.jpg 1 432 607 106 82
288.jpg 1 484 171 34 42
292.jpg 1 657 254 35 39
296.jpg 1 656 298 41 46
300.jpg 1 689 410 63 62
304.jpg 1 691 201 80 93
308.jpg 1 835 368 73 82
312.jpg 1 309 257 39 35
316.jpg 1 552 284 38 39
32.jpg 1 747 625 82 67
320.jpg 1 604 364 57 55
324.jpg 0
340.jpg 1 607 363 35 19
344.jpg 1 659 382 30 28
348.jpg 1 1027 505 70 75
352.jpg 1 1175 549 94 103
4.jpg 1 786 178 45 54
40.jpg 1 521 188 25 35
412.jpg 1 661 463 49 55
416.jpg 1 714 403 78 83
44.jpg 1 463 247 27 36
444.jpg 1 864 199 76 105
448.jpg 1 840 278 69 68
452.jpg 1 982 162 137 154
464.jpg 1 835 178 40 35
468.jpg 1 597 228 42 31
472.jpg 1 691 255 41 34
476.jpg 1 647 367 47 50
48.jpg 1 500 273 32 34
480.jpg 1 662 270 64 59
484.jpg 1 403 275 71 49
488.jpg 1 201 282 84 51
492.jpg 1 697 283 54 63
508.jpg 1 506 516 69 66
512.jpg 1 503 483 99 105
516.jpg 0
52.jpg 2 435 338 49 41 594 330 47 42
520.jpg 1 553 286 68 62
524.jpg 1 642 445 92 100
528.jpg 2 523 163 85 92 480 329 51 57
532.jpg 2 306 345 110 106 275 549 87 86
540.jpg 1 489 457 91 104
544.jpg 0
552.jpg 1 691 308 23 22
556.jpg 0
56.jpg 2 589 360 59 57 386 403 77 48
60.jpg 1 1195 399 42 36
64.jpg 1 383 252 85 84
76.jpg 1 526 217 160 174
8.jpg 1 787 255 30 27
80.jpg 1 695 100 328 293
84.jpg 1 671 221 96 102
88.jpg 1 701 101 156 147
92.jpg 1 760 282 102 120
96.jpg 1 771 285 104 111
