118.jpg 1 960 341 63 70 
120.jpg 1 672 303 56 64 
121.jpg 1 428 285 78 84 
122.jpg 1 478 279 103 125 
123.jpg 1 674 352 101 109 
124.jpg 1 671 368 98 103 
126.jpg 1 570 336 105 86 
127.jpg 1 566 299 114 119 
128.jpg 1 591 347 96 74 
129.jpg 1 534 293 111 119 
130.jpg 1 577 244 121 146 
131.jpg 1 669 231 120 143 
132.jpg 1 616 249 130 139 
133.jpg 1 514 342 114 90 
134.jpg 1 492 362 119 80 
135.jpg 1 611 229 111 144 
136.jpg 1 624 201 122 145 
137.jpg 1 568 345 94 113 
138.jpg 1 674 449 80 63 
139.jpg 1 678 436 82 95 
140.jpg 1 552 362 103 128 
144.jpg 1 268 402 153 117 
145.jpg 1 446 375 109 128 
146.jpg 1 368 356 140 135 
147.jpg 1 294 478 146 148 
148.jpg 1 129 535 217 156 
149.jpg 1 5 390 241 185 
150.jpg 1 237 98 175 160 
151.jpg 1 613 211 82 110 
152.jpg 1 746 198 95 104 
153.jpg 1 727 156 85 110 
154.jpg 1 686 253 81 88 
155.jpg 1 615 183 107 130 
156.jpg 1 540 243 122 118 
157.jpg 1 588 295 92 101 
158.jpg 1 583 339 96 76 
159.jpg 1 587 314 80 86 
160.jpg 1 616 349 75 60 
161.jpg 1 622 330 73 85 
162.jpg 1 620 338 77 57 
163.jpg 0 
166.jpg 1 619 323 66 64 
167.jpg 1 619 328 62 61 
168.jpg 1 611 355 55 52 
169.jpg 1 589 331 58 55 
170.jpg 1 603 319 53 63 
177.jpg 1 384 244 43 42 
178.jpg 1 469 261 37 43 
179.jpg 1 490 269 44 49 
180.jpg 1 580 283 40 37 
181.jpg 1 580 285 40 38 
182.jpg 1 586 280 39 39 
183.jpg 1 579 272 42 44 
184.jpg 1 604 256 38 45 
185.jpg 0 
188.jpg 1 536 322 37 45 
189.jpg 1 547 330 49 51 
190.jpg 1 579 333 48 48 
191.jpg 1 594 361 43 44 
192.jpg 1 568 349 52 56 
193.jpg 1 538 344 65 71 
194.jpg 1 581 348 61 65 
195.jpg 1 637 371 49 46 
196.jpg 1 601 378 40 40 
197.jpg 1 606 357 69 46 
198.jpg 1 599 344 81 74 
199.jpg 1 596 344 91 76 
201.jpg 1 601 346 42 51 
202.jpg 1 606 342 81 78 
203.jpg 1 613 346 64 66 
204.jpg 1 618 352 61 59 
205.jpg 1 621 350 56 54 
206.jpg 1 616 348 58 63 
207.jpg 1 613 352 63 57 
208.jpg 1 618 358 55 52 
209.jpg 1 616 352 55 61 
210.jpg 1 612 362 57 53 
211.jpg 1 616 362 49 43 
212.jpg 1 618 356 47 45 
213.jpg 1 641 370 24 38 
216.jpg 1 5 477 276 211 
217.jpg 1 40 561 299 129 
218.jpg 1 134 631 183 62 
219.jpg 1 242 655 124 36 
285.jpg 1 456 135 112 119 
286.jpg 1 446 305 108 100 
287.jpg 1 430 323 122 109 
288.jpg 1 420 425 117 114 
289.jpg 1 496 395 105 103 
290.jpg 1 571 219 136 134 
291.jpg 1 669 217 124 171 
292.jpg 1 824 390 187 186 
293.jpg 1 725 432 108 167 
294.jpg 1 464 389 56 112 
295.jpg 0 
296.jpg 1 689 386 47 65 
297.jpg 0 
317.jpg 1 901 364 62 35 
318.jpg 1 862 363 66 33 
324.jpg 1 682 366 30 38 
325.jpg 1 717 405 34 41 
326.jpg 1 708 377 26 37 
328.jpg 1 702 454 27 33 
329.jpg 1 624 421 27 30 
330.jpg 1 573 403 38 40 
333.jpg 1 617 358 49 45 
334.jpg 1 610 362 56 38 
335.jpg 1 607 356 69 46 
336.jpg 1 606 361 61 40 
337.jpg 1 604 355 69 44 
338.jpg 1 616 361 48 27 
339.jpg 1 609 352 58 53 
340.jpg 1 619 361 51 46 
341.jpg 1 614 364 53 46 
342.jpg 1 615 358 53 51 
343.jpg 1 613 364 56 43 
344.jpg 1 611 367 50 36 
345.jpg 1 619 369 46 41 
346.jpg 1 615 370 45 39 
37.jpg 1 627 361 23 31 
38.jpg 1 673 353 24 32 
39.jpg 1 700 345 26 32 
40.jpg 1 646 360 29 31 
41.jpg 1 640 357 38 37 
42.jpg 1 611 367 34 42 
43.jpg 1 612 367 35 34 
44.jpg 1 627 362 29 28 
45.jpg 1 625 362 40 38 
46.jpg 1 628 360 37 27 
47.jpg 1 626 366 34 22 
48.jpg 1 623 357 41 33 
49.jpg 1 620 364 43 25 
50.jpg 1 615 357 51 39 
51.jpg 1 610 353 56 38 
52.jpg 1 603 353 47 36 
53.jpg 1 606 352 56 48 
54.jpg 1 609 354 63 49 
55.jpg 1 610 348 65 52 
56.jpg 1 606 348 72 64 
57.jpg 1 596 352 71 56 
58.jpg 1 577 351 67 60 
59.jpg 1 584 325 59 66 
60.jpg 1 621 339 66 72 
61.jpg 1 658 363 46 52 
62.jpg 1 694 356 25 55 
63.jpg 0 
65.jpg 1 632 394 46 29 
68.jpg 1 561 340 44 56 
78.jpg 1 560 329 61 68 
79.jpg 1 613 401 50 59 
80.jpg 2 212 307 73 69 623 392 59 57 
81.jpg 2 622 352 82 79 67 238 93 76 
82.jpg 1 597 300 73 87 
83.jpg 1 621 303 72 93 
84.jpg 1 667 365 67 80 
85.jpg 1 651 361 60 67 
86.jpg 1 573 336 73 80 
87.jpg 1 571 317 71 79 
88.jpg 1 626 332 60 88 
89.jpg 2 608 348 76 74 3 210 87 85 
90.jpg 1 586 317 86 107 
91.jpg 1 583 280 82 97 
92.jpg 1 558 332 84 96 
