100.jpg 1 475 302 79 87 
104.jpg 1 574 334 73 93 
136.jpg 1 447 325 161 140 
16.jpg 1 548 196 42 41 
192.jpg 1 205 179 113 107 
196.jpg 1 181 250 108 99 
200.jpg 1 511 320 46 54 
216.jpg 1 580 244 71 91 
220.jpg 1 463 266 209 224 
224.jpg 1 563 240 225 210 
248.jpg 1 383 303 75 61 
264.jpg 1 666 331 79 80 
268.jpg 1 668 356 31 26 
272.jpg 1 754 366 37 25 
276.jpg 1 613 296 112 108 
280.jpg 1 535 485 112 108 
284.jpg 2 728 279 36 38 602 327 28 32 
288.jpg 1 929 257 52 56 
352.jpg 1 578 326 118 121 
356.jpg 1 591 331 102 117 
360.jpg 1 610 344 67 86 
364.jpg 1 611 361 65 70 
4.jpg 1 989 333 28 32 
484.jpg 1 654 282 44 44 
488.jpg 1 699 334 57 66 
492.jpg 1 367 261 236 300 
496.jpg 1 457 106 290 272 
500.jpg 1 502 129 259 221 
504.jpg 1 639 346 103 113 
508.jpg 1 370 125 190 202 
516.jpg 1 798 98 243 250 
528.jpg 1 483 312 165 198 
532.jpg 1 498 291 176 167 
540.jpg 1 555 313 180 180 
544.jpg 1 561 305 149 156 
548.jpg 2 586 333 110 107 434 358 107 97 
552.jpg 2 434 438 106 99 589 351 94 85 
556.jpg 1 270 206 193 157 
572.jpg 1 832 251 166 168 
576.jpg 1 826 210 140 123 
588.jpg 1 793 98 125 134 
620.jpg 1 463 371 47 47 
636.jpg 1 1061 406 139 101 
640.jpg 1 567 359 84 84 
644.jpg 0 
648.jpg 1 646 348 73 84 
664.jpg 1 355 361 106 88 
68.jpg 0 
680.jpg 1 546 291 195 200 
684.jpg 1 562 299 160 175 
688.jpg 1 560 301 159 187 
696.jpg 1 500 227 302 306 
72.jpg 1 509 309 206 257 
76.jpg 1 580 364 57 68 
80.jpg 1 593 469 185 200 
812.jpg 1 837 353 68 63 
816.jpg 1 616 356 60 56 
820.jpg 1 621 353 74 69 
824.jpg 1 626 297 84 74 
828.jpg 1 526 385 85 84 
832.jpg 1 615 231 117 114 
836.jpg 1 636 302 97 82 
84.jpg 1 609 353 61 60 
856.jpg 1 842 287 175 132 
860.jpg 2 615 368 49 42 760 299 210 147 
864.jpg 2 856 340 63 67 543 277 140 147 
868.jpg 1 850 346 71 77 
872.jpg 2 623 375 39 42 766 350 83 69 
88.jpg 1 608 349 64 61 
92.jpg 1 620 388 48 46 
